Id;Pclass1;Pclass2;Pclass3;SexM;SexF;age_c;age_y;age_m;age_o;sibsp_is;parch_is;embarked_C;embarked_S;embarked_Q;Survived
1;0;0;1;1;0;0;1;0;0;1;0;0;1;0;0
2;1;0;0;0;1;0;0;1;0;1;0;1;0;0;1
3;0;0;1;0;1;0;1;0;0;0;0;0;1;0;1
4;1;0;0;0;1;0;0;1;0;1;0;0;1;0;1
5;0;0;1;1;0;0;0;1;0;0;0;0;1;0;0
7;1;0;0;1;0;0;0;0;1;0;0;0;1;0;0
8;0;0;1;1;0;1;0;0;0;1;1;0;1;0;0
9;0;0;1;0;1;0;1;0;0;0;1;0;1;0;1
10;0;1;0;0;1;1;0;0;0;1;0;1;0;0;1
11;0;0;1;0;1;1;0;0;0;1;1;0;1;0;1
12;1;0;0;0;1;0;0;0;1;0;0;0;1;0;1
13;0;0;1;1;0;0;1;0;0;0;0;0;1;0;0
14;0;0;1;1;0;0;0;1;0;1;1;0;1;0;0
15;0;0;1;0;1;1;0;0;0;0;0;0;1;0;0
16;0;1;0;0;1;0;0;0;1;0;0;0;1;0;1
17;0;0;1;1;0;1;0;0;0;1;1;0;0;1;0
19;0;0;1;0;1;0;0;1;0;1;0;0;1;0;0
21;0;1;0;1;0;0;0;1;0;0;0;0;1;0;0
22;0;1;0;1;0;0;0;1;0;0;0;0;1;0;1
23;0;0;1;0;1;1;0;0;0;0;0;0;0;1;1
24;1;0;0;1;0;0;1;0;0;0;0;0;1;0;1
25;0;0;1;0;1;1;0;0;0;1;1;0;1;0;0
26;0;0;1;0;1;0;0;1;0;1;1;0;1;0;1
28;1;0;0;1;0;0;1;0;0;1;1;0;1;0;0
31;1;0;0;1;0;0;0;1;0;0;0;1;0;0;0
34;0;1;0;1;0;0;0;0;1;0;0;0;1;0;0
35;1;0;0;1;0;0;1;0;0;1;0;1;0;0;0
36;1;0;0;1;0;0;0;1;0;1;0;0;1;0;0
38;0;0;1;1;0;0;1;0;0;0;0;0;1;0;0
39;0;0;1;0;1;0;1;0;0;1;0;0;1;0;0
40;0;0;1;0;1;1;0;0;0;1;0;1;0;0;1
41;0;0;1;0;1;0;0;1;0;1;0;0;1;0;0
42;0;1;0;0;1;0;1;0;0;1;0;0;1;0;0
44;0;1;0;0;1;1;0;0;0;1;1;1;0;0;1
45;0;0;1;0;1;0;1;0;0;0;0;0;0;1;1
50;0;0;1;0;1;0;1;0;0;1;0;0;1;0;0
51;0;0;1;1;0;1;0;0;0;1;1;0;1;0;0
52;0;0;1;1;0;0;1;0;0;0;0;0;1;0;0
53;1;0;0;0;1;0;0;1;0;1;0;1;0;0;1
54;0;1;0;0;1;0;1;0;0;1;0;0;1;0;1
55;1;0;0;1;0;0;0;0;1;0;1;1;0;0;0
57;0;1;0;0;1;0;1;0;0;0;0;0;1;0;1
58;0;0;1;1;0;0;1;0;0;0;0;1;0;0;0
59;0;1;0;0;1;1;0;0;0;1;1;0;1;0;1
60;0;0;1;1;0;1;0;0;0;1;1;0;1;0;0
61;0;0;1;1;0;0;1;0;0;0;0;1;0;0;0
62;1;0;0;0;1;0;0;1;0;0;0;1;0;0;1
63;1;0;0;1;0;0;0;1;0;1;0;0;1;0;0
64;0;0;1;1;0;1;0;0;0;1;1;0;1;0;0
67;0;1;0;0;1;0;1;0;0;0;0;0;1;0;1
68;0;0;1;1;0;0;1;0;0;0;0;0;1;0;0
69;0;0;1;0;1;0;1;0;0;1;1;0;1;0;1
70;0;0;1;1;0;0;1;0;0;1;0;0;1;0;0
71;0;1;0;1;0;0;0;1;0;0;0;0;1;0;0
72;0;0;1;0;1;0;1;0;0;1;1;0;1;0;0
73;0;1;0;1;0;0;1;0;0;0;0;0;1;0;0
74;0;0;1;1;0;0;1;0;0;1;0;1;0;0;0
75;0;0;1;1;0;0;0;1;0;0;0;0;1;0;1
76;0;0;1;1;0;0;1;0;0;0;0;0;1;0;0
79;0;1;0;1;0;1;0;0;0;0;1;0;1;0;1
80;0;0;1;0;1;0;0;1;0;0;0;0;1;0;1
81;0;0;1;1;0;0;1;0;0;0;0;0;1;0;0
82;0;0;1;1;0;0;1;0;0;0;0;0;1;0;1
84;1;0;0;1;0;0;1;0;0;0;0;0;1;0;0
85;0;1;0;0;1;0;1;0;0;0;0;0;1;0;1
86;0;0;1;0;1;0;0;1;0;1;0;0;1;0;1
87;0;0;1;1;0;0;1;0;0;1;1;0;1;0;0
89;1;0;0;0;1;0;1;0;0;1;1;0;1;0;1
90;0;0;1;1;0;0;1;0;0;0;0;0;1;0;0
91;0;0;1;1;0;0;1;0;0;0;0;0;1;0;0
92;0;0;1;1;0;0;1;0;0;0;0;0;1;0;0
93;1;0;0;1;0;0;0;1;0;1;0;0;1;0;0
94;0;0;1;1;0;0;1;0;0;1;1;0;1;0;0
95;0;0;1;1;0;0;0;0;1;0;0;0;1;0;0
97;1;0;0;1;0;0;0;0;1;0;0;1;0;0;0
98;1;0;0;1;0;0;1;0;0;0;1;1;0;0;1
99;0;1;0;0;1;0;0;1;0;0;1;0;1;0;1
100;0;1;0;1;0;0;0;1;0;1;0;0;1;0;0
101;0;0;1;0;1;0;1;0;0;0;0;0;1;0;0
103;1;0;0;1;0;0;1;0;0;0;1;0;1;0;0
104;0;0;1;1;0;0;0;1;0;0;0;0;1;0;0
105;0;0;1;1;0;0;0;1;0;1;0;0;1;0;0
106;0;0;1;1;0;0;1;0;0;0;0;0;1;0;0
107;0;0;1;0;1;0;1;0;0;0;0;0;1;0;1
109;0;0;1;1;0;0;0;1;0;0;0;0;1;0;0
111;1;0;0;1;0;0;0;1;0;0;0;0;1;0;0
112;0;0;1;0;1;1;0;0;0;1;0;1;0;0;0
113;0;0;1;1;0;0;1;0;0;0;0;0;1;0;0
114;0;0;1;0;1;0;1;0;0;1;0;0;1;0;0
115;0;0;1;0;1;0;1;0;0;0;0;1;0;0;0
116;0;0;1;1;0;0;1;0;0;0;0;0;1;0;0
117;0;0;1;1;0;0;0;0;1;0;0;0;0;1;0
118;0;1;0;1;0;0;1;0;0;1;0;0;1;0;0
119;1;0;0;1;0;0;1;0;0;0;1;1;0;0;0
120;0;0;1;0;1;1;0;0;0;1;1;0;1;0;0
121;0;1;0;1;0;0;1;0;0;1;0;0;1;0;0
123;0;1;0;1;0;0;0;1;0;1;0;1;0;0;0
124;0;1;0;0;1;0;0;1;0;0;0;0;1;0;1
125;1;0;0;1;0;0;0;0;1;0;1;0;1;0;0
126;0;0;1;1;0;1;0;0;0;1;0;1;0;0;1
128;0;0;1;1;0;0;1;0;0;0;0;0;1;0;1
130;0;0;1;1;0;0;0;1;0;0;0;0;1;0;0
131;0;0;1;1;0;0;0;1;0;0;0;1;0;0;0
132;0;0;1;1;0;0;1;0;0;0;0;0;1;0;0
133;0;0;1;0;1;0;0;1;0;1;0;0;1;0;0
134;0;1;0;0;1;0;1;0;0;1;0;0;1;0;1
135;0;1;0;1;0;0;1;0;0;0;0;0;1;0;0
136;0;1;0;1;0;0;1;0;0;0;0;1;0;0;0
137;1;0;0;0;1;0;1;0;0;0;1;0;1;0;1
138;1;0;0;1;0;0;0;1;0;1;0;0;1;0;0
139;0;0;1;1;0;0;1;0;0;0;0;0;1;0;0
140;1;0;0;1;0;0;1;0;0;0;0;1;0;0;0
142;0;0;1;0;1;0;1;0;0;0;0;0;1;0;1
143;0;0;1;0;1;0;1;0;0;1;0;0;1;0;1
144;0;0;1;1;0;0;1;0;0;0;0;0;0;1;0
145;0;1;0;1;0;0;1;0;0;0;0;0;1;0;0
146;0;1;0;1;0;0;1;0;0;1;1;0;1;0;0
147;0;0;1;1;0;0;1;0;0;0;0;0;1;0;1
148;0;0;1;0;1;1;0;0;0;1;1;0;1;0;0
149;0;1;0;1;0;0;0;1;0;0;1;0;1;0;0
150;0;1;0;1;0;0;0;1;0;0;0;0;1;0;0
151;0;1;0;1;0;0;0;0;1;0;0;0;1;0;0
152;1;0;0;0;1;0;1;0;0;1;0;0;1;0;1
153;0;0;1;1;0;0;0;0;1;0;0;0;1;0;0
154;0;0;1;1;0;0;0;1;0;0;1;0;1;0;0
156;1;0;0;1;0;0;0;0;1;0;1;1;0;0;0
157;0;0;1;0;1;0;1;0;0;0;0;0;0;1;1
158;0;0;1;1;0;0;0;1;0;0;0;0;1;0;0
161;0;0;1;1;0;0;0;1;0;0;1;0;1;0;0
162;0;1;0;0;1;0;0;1;0;0;0;0;1;0;1
163;0;0;1;1;0;0;1;0;0;0;0;0;1;0;0
164;0;0;1;1;0;0;1;0;0;0;0;0;1;0;0
165;0;0;1;1;0;1;0;0;0;1;1;0;1;0;0
166;0;0;1;1;0;1;0;0;0;0;1;0;1;0;1
168;0;0;1;0;1;0;0;1;0;1;1;0;1;0;0
170;0;0;1;1;0;0;1;0;0;0;0;0;1;0;0
171;1;0;0;1;0;0;0;0;1;0;0;0;1;0;0
172;0;0;1;1;0;1;0;0;0;1;1;0;0;1;0
173;0;0;1;0;1;1;0;0;0;1;1;0;1;0;1
174;0;0;1;1;0;0;1;0;0;0;0;0;1;0;0
175;1;0;0;1;0;0;0;0;1;0;0;1;0;0;0
176;0;0;1;1;0;0;1;0;0;1;1;0;1;0;0
178;1;0;0;0;1;0;0;0;1;0;0;1;0;0;0
179;0;1;0;1;0;0;0;1;0;0;0;0;1;0;0
180;0;0;1;1;0;0;0;1;0;0;0;0;1;0;0
183;0;0;1;1;0;1;0;0;0;1;1;0;1;0;0
184;0;1;0;1;0;1;0;0;0;1;1;0;1;0;1
185;0;0;1;0;1;1;0;0;0;0;1;0;1;0;1
188;1;0;0;1;0;0;0;1;0;0;0;0;1;0;1
189;0;0;1;1;0;0;0;1;0;1;1;0;0;1;0
190;0;0;1;1;0;0;0;1;0;0;0;0;1;0;0
191;0;1;0;0;1;0;0;1;0;0;0;0;1;0;1
192;0;1;0;1;0;0;1;0;0;0;0;0;1;0;0
193;0;0;1;0;1;0;1;0;0;1;0;0;1;0;1
194;0;1;0;1;0;1;0;0;0;1;1;0;1;0;1
195;1;0;0;0;1;0;0;1;0;0;0;1;0;0;1
196;1;0;0;0;1;0;0;0;1;0;0;1;0;0;1
198;0;0;1;1;0;0;0;1;0;0;1;0;1;0;0
200;0;1;0;0;1;0;1;0;0;0;0;0;1;0;0
201;0;0;1;1;0;0;1;0;0;0;0;0;1;0;0
203;0;0;1;1;0;0;0;1;0;0;0;0;1;0;0
204;0;0;1;1;0;0;0;1;0;0;0;1;0;0;0
205;0;0;1;1;0;0;1;0;0;0;0;0;1;0;1
206;0;0;1;0;1;1;0;0;0;0;1;0;1;0;0
207;0;0;1;1;0;0;0;1;0;1;0;0;1;0;0
208;0;0;1;1;0;0;1;0;0;0;0;1;0;0;1
209;0;0;1;0;1;0;1;0;0;0;0;0;0;1;1
210;1;0;0;1;0;0;0;1;0;0;0;1;0;0;1
211;0;0;1;1;0;0;1;0;0;0;0;0;1;0;0
212;0;1;0;0;1;0;0;1;0;0;0;0;1;0;1
213;0;0;1;1;0;0;1;0;0;0;0;0;1;0;0
214;0;1;0;1;0;0;0;1;0;0;0;0;1;0;0
216;1;0;0;0;1;0;0;1;0;1;0;1;0;0;1
217;0;0;1;0;1;0;1;0;0;0;0;0;1;0;1
218;0;1;0;1;0;0;0;1;0;1;0;0;1;0;0
219;1;0;0;0;1;0;0;1;0;0;0;1;0;0;1
220;0;1;0;1;0;0;0;1;0;0;0;0;1;0;0
221;0;0;1;1;0;0;1;0;0;0;0;0;1;0;1
222;0;1;0;1;0;0;1;0;0;0;0;0;1;0;0
223;0;0;1;1;0;0;0;0;1;0;0;0;1;0;0
225;1;0;0;1;0;0;0;1;0;1;0;0;1;0;1
226;0;0;1;1;0;0;1;0;0;0;0;0;1;0;0
227;0;1;0;1;0;0;1;0;0;0;0;0;1;0;1
228;0;0;1;1;0;0;1;0;0;0;0;0;1;0;0
229;0;1;0;1;0;0;1;0;0;0;0;0;1;0;0
231;1;0;0;0;1;0;0;1;0;1;0;0;1;0;1
232;0;0;1;1;0;0;1;0;0;0;0;0;1;0;0
233;0;1;0;1;0;0;0;0;1;0;0;0;1;0;0
234;0;0;1;0;1;1;0;0;0;1;1;0;1;0;1
235;0;1;0;1;0;0;1;0;0;0;0;0;1;0;0
237;0;1;0;1;0;0;0;1;0;1;0;0;1;0;0
238;0;1;0;0;1;1;0;0;0;0;1;0;1;0;1
239;0;1;0;1;0;0;1;0;0;0;0;0;1;0;0
240;0;1;0;1;0;0;0;1;0;0;0;0;1;0;0
243;0;1;0;1;0;0;1;0;0;0;0;0;1;0;0
244;0;0;1;1;0;0;1;0;0;0;0;0;1;0;0
245;0;0;1;1;0;0;0;1;0;0;0;1;0;0;0
246;1;0;0;1;0;0;0;1;0;1;0;0;0;1;0
247;0;0;1;0;1;0;1;0;0;0;0;0;1;0;0
248;0;1;0;0;1;0;1;0;0;0;1;0;1;0;1
249;1;0;0;1;0;0;0;1;0;1;1;0;1;0;1
250;0;1;0;1;0;0;0;0;1;1;0;0;1;0;0
252;0;0;1;0;1;0;1;0;0;1;1;0;1;0;0
253;1;0;0;1;0;0;0;0;1;0;0;0;1;0;0
254;0;0;1;1;0;0;0;1;0;1;0;0;1;0;0
255;0;0;1;0;1;0;0;1;0;0;1;0;1;0;0
256;0;0;1;0;1;0;1;0;0;0;1;1;0;0;1
258;1;0;0;0;1;0;0;1;0;0;0;0;1;0;1
259;1;0;0;0;1;0;0;1;0;0;0;1;0;0;1
260;0;1;0;0;1;0;0;0;1;0;1;0;1;0;1
262;0;0;1;1;0;1;0;0;0;1;1;0;1;0;1
263;1;0;0;1;0;0;0;0;1;1;1;0;1;0;0
264;1;0;0;1;0;0;0;1;0;0;0;0;1;0;0
266;0;1;0;1;0;0;0;1;0;0;0;0;1;0;0
267;0;0;1;1;0;0;1;0;0;1;1;0;1;0;0
268;0;0;1;1;0;0;1;0;0;1;0;0;1;0;1
269;1;0;0;0;1;0;0;0;1;0;1;0;1;0;1
270;1;0;0;0;1;0;0;1;0;0;0;0;1;0;1
272;0;0;1;1;0;0;1;0;0;0;0;0;1;0;1
273;0;1;0;0;1;0;0;1;0;0;1;0;1;0;1
274;1;0;0;1;0;0;0;1;0;0;1;1;0;0;0
276;1;0;0;0;1;0;0;0;1;1;0;0;1;0;1
277;0;0;1;0;1;0;0;1;0;0;0;0;1;0;0
279;0;0;1;1;0;1;0;0;0;1;1;0;0;1;0
280;0;0;1;0;1;0;0;1;0;1;1;0;1;0;1
281;0;0;1;1;0;0;0;0;1;0;0;0;0;1;0
282;0;0;1;1;0;0;1;0;0;0;0;0;1;0;0
283;0;0;1;1;0;0;1;0;0;0;0;0;1;0;0
284;0;0;1;1;0;0;1;0;0;0;0;0;1;0;1
286;0;0;1;1;0;0;0;1;0;0;0;1;0;0;0
287;0;0;1;1;0;0;0;1;0;0;0;0;1;0;1
288;0;0;1;1;0;0;1;0;0;0;0;0;1;0;0
289;0;1;0;1;0;0;0;1;0;0;0;0;1;0;1
290;0;0;1;0;1;0;1;0;0;0;0;0;0;1;1
291;1;0;0;0;1;0;1;0;0;0;0;0;1;0;1
292;1;0;0;0;1;0;1;0;0;1;0;1;0;0;1
293;0;1;0;1;0;0;0;1;0;0;0;1;0;0;0
294;0;0;1;0;1;0;1;0;0;0;0;0;1;0;0
295;0;0;1;1;0;0;1;0;0;0;0;0;1;0;0
297;0;0;1;1;0;0;1;0;0;0;0;1;0;0;0
298;1;0;0;0;1;1;0;0;0;1;1;0;1;0;0
300;1;0;0;0;1;0;0;0;1;0;1;1;0;0;1
303;0;0;1;1;0;0;1;0;0;0;0;0;1;0;0
306;1;0;0;1;0;1;0;0;0;1;1;0;1;0;1
308;1;0;0;0;1;0;1;0;0;1;0;1;0;0;1
309;0;1;0;1;0;0;0;1;0;1;0;1;0;0;0
310;1;0;0;0;1;0;0;1;0;0;0;1;0;0;1
311;1;0;0;0;1;0;1;0;0;0;0;1;0;0;1
312;1;0;0;0;1;0;1;0;0;1;1;1;0;0;1
313;0;1;0;0;1;0;1;0;0;1;1;0;1;0;0
314;0;0;1;1;0;0;1;0;0;0;0;0;1;0;0
315;0;1;0;1;0;0;0;1;0;1;1;0;1;0;0
316;0;0;1;0;1;0;1;0;0;0;0;0;1;0;1
317;0;1;0;0;1;0;1;0;0;1;0;0;1;0;1
318;0;1;0;1;0;0;0;0;1;0;0;0;1;0;0
319;1;0;0;0;1;0;0;1;0;0;1;0;1;0;1
320;1;0;0;0;1;0;0;1;0;1;1;1;0;0;1
321;0;0;1;1;0;0;1;0;0;0;0;0;1;0;0
322;0;0;1;1;0;0;1;0;0;0;0;0;1;0;0
323;0;1;0;0;1;0;0;1;0;0;0;0;0;1;1
324;0;1;0;0;1;0;1;0;0;1;1;0;1;0;1
326;1;0;0;0;1;0;0;1;0;0;0;1;0;0;1
327;0;0;1;1;0;0;0;0;1;0;0;0;1;0;0
328;0;1;0;0;1;0;0;1;0;0;0;0;1;0;1
329;0;0;1;0;1;0;0;1;0;1;1;0;1;0;1
330;1;0;0;0;1;0;1;0;0;0;1;1;0;0;1
332;1;0;0;1;0;0;0;1;0;0;0;0;1;0;0
333;1;0;0;1;0;0;0;1;0;0;1;0;1;0;0
334;0;0;1;1;0;0;1;0;0;1;0;0;1;0;0
337;1;0;0;1;0;0;1;0;0;1;0;0;1;0;0
338;1;0;0;0;1;0;0;1;0;0;0;1;0;0;1
339;0;0;1;1;0;0;0;1;0;0;0;0;1;0;1
340;1;0;0;1;0;0;0;1;0;0;0;0;1;0;0
341;0;1;0;1;0;1;0;0;0;1;1;0;1;0;1
342;1;0;0;0;1;0;1;0;0;1;1;0;1;0;1
343;0;1;0;1;0;0;1;0;0;0;0;0;1;0;0
344;0;1;0;1;0;0;1;0;0;0;0;0;1;0;0
345;0;1;0;1;0;0;0;1;0;0;0;0;1;0;0
346;0;1;0;0;1;0;1;0;0;0;0;0;1;0;1
347;0;1;0;0;1;0;0;1;0;0;0;0;1;0;1
349;0;0;1;1;0;1;0;0;0;1;1;0;1;0;1
350;0;0;1;1;0;0;0;1;0;0;0;0;1;0;0
351;0;0;1;1;0;0;1;0;0;0;0;0;1;0;0
353;0;0;1;1;0;1;0;0;0;1;1;1;0;0;0
354;0;0;1;1;0;0;1;0;0;1;0;0;1;0;0
356;0;0;1;1;0;0;1;0;0;0;0;0;1;0;0
357;1;0;0;0;1;0;1;0;0;0;1;0;1;0;1
358;0;1;0;0;1;0;0;1;0;0;0;0;1;0;0
361;0;0;1;1;0;0;0;1;0;1;1;0;1;0;0
362;0;1;0;1;0;0;1;0;0;1;0;1;0;0;0
363;0;0;1;0;1;0;0;1;0;0;1;1;0;0;0
364;0;0;1;1;0;0;0;1;0;0;0;0;1;0;0
366;0;0;1;1;0;0;0;1;0;0;0;0;1;0;0
367;1;0;0;0;1;0;0;0;1;1;0;1;0;0;1
370;1;0;0;0;1;0;1;0;0;0;0;1;0;0;1
371;1;0;0;1;0;0;1;0;0;1;0;1;0;0;1
372;0;0;1;1;0;0;1;0;0;1;0;0;1;0;0
373;0;0;1;1;0;0;1;0;0;0;0;0;1;0;0
374;1;0;0;1;0;0;1;0;0;0;0;1;0;0;0
375;0;0;1;0;1;1;0;0;0;1;1;0;1;0;0
377;0;0;1;0;1;0;1;0;0;0;0;0;1;0;1
378;1;0;0;1;0;0;1;0;0;0;1;1;0;0;0
379;0;0;1;1;0;0;1;0;0;0;0;1;0;0;0
380;0;0;1;1;0;0;1;0;0;0;0;0;1;0;0
381;1;0;0;0;1;0;0;1;0;0;0;1;0;0;1
382;0;0;1;0;1;1;0;0;0;0;1;1;0;0;1
383;0;0;1;1;0;0;0;1;0;0;0;0;1;0;0
384;1;0;0;0;1;0;0;1;0;1;0;0;1;0;1
386;0;1;0;1;0;0;1;0;0;0;0;0;1;0;0
387;0;0;1;1;0;1;0;0;0;1;1;0;1;0;0
388;0;1;0;0;1;0;0;1;0;0;0;0;1;0;1
390;0;1;0;0;1;0;1;0;0;0;0;1;0;0;1
391;1;0;0;1;0;0;0;1;0;1;1;0;1;0;1
392;0;0;1;1;0;0;1;0;0;0;0;0;1;0;1
393;0;0;1;1;0;0;1;0;0;1;0;0;1;0;0
394;1;0;0;0;1;0;1;0;0;1;0;1;0;0;1
395;0;0;1;0;1;0;1;0;0;0;1;0;1;0;1
396;0;0;1;1;0;0;1;0;0;0;0;0;1;0;0
397;0;0;1;0;1;0;0;1;0;0;0;0;1;0;0
398;0;1;0;1;0;0;0;1;0;0;0;0;1;0;0
399;0;1;0;1;0;0;1;0;0;0;0;0;1;0;0
400;0;1;0;0;1;0;1;0;0;0;0;0;1;0;1
401;0;0;1;1;0;0;0;1;0;0;0;0;1;0;1
402;0;0;1;1;0;0;1;0;0;0;0;0;1;0;0
403;0;0;1;0;1;0;1;0;0;1;0;0;1;0;0
404;0;0;1;1;0;0;1;0;0;1;0;0;1;0;0
405;0;0;1;0;1;0;1;0;0;0;0;0;1;0;0
406;0;1;0;1;0;0;0;1;0;1;0;0;1;0;0
407;0;0;1;1;0;0;0;0;1;0;0;0;1;0;0
408;0;1;0;1;0;1;0;0;0;1;1;0;1;0;1
409;0;0;1;1;0;0;1;0;0;0;0;0;1;0;0
413;1;0;0;0;1;0;0;1;0;1;0;0;0;1;1
415;0;0;1;1;0;0;0;1;0;0;0;0;1;0;1
417;0;1;0;0;1;0;0;1;0;1;1;0;1;0;1
418;0;1;0;0;1;0;1;0;0;0;1;0;1;0;1
419;0;1;0;1;0;0;0;1;0;0;0;0;1;0;0
420;0;0;1;0;1;1;0;0;0;0;1;0;1;0;0
422;0;0;1;1;0;0;1;0;0;0;0;0;0;1;0
423;0;0;1;1;0;0;1;0;0;0;0;0;1;0;0
424;0;0;1;0;1;0;1;0;0;1;1;0;1;0;0
425;0;0;1;1;0;0;1;0;0;1;1;0;1;0;0
427;0;1;0;0;1;0;1;0;0;1;0;0;1;0;1
428;0;1;0;0;1;0;1;0;0;0;0;0;1;0;1
430;0;0;1;1;0;0;0;1;0;0;0;0;1;0;1
431;1;0;0;1;0;0;1;0;0;0;0;0;1;0;1
433;0;1;0;0;1;0;0;1;0;1;0;0;1;0;1
434;0;0;1;1;0;0;1;0;0;0;0;0;1;0;0
435;1;0;0;1;0;0;0;0;1;1;0;0;1;0;0
436;1;0;0;0;1;1;0;0;0;1;1;0;1;0;1
437;0;0;1;0;1;0;1;0;0;1;1;0;1;0;0
438;0;1;0;0;1;0;1;0;0;1;1;0;1;0;1
439;1;0;0;1;0;0;0;0;1;1;1;0;1;0;0
440;0;1;0;1;0;0;0;1;0;0;0;0;1;0;0
441;0;1;0;0;1;0;0;1;0;1;1;0;1;0;1
442;0;0;1;1;0;0;1;0;0;0;0;0;1;0;0
443;0;0;1;1;0;0;1;0;0;1;0;0;1;0;0
444;0;1;0;0;1;0;1;0;0;0;0;0;1;0;1
446;1;0;0;1;0;1;0;0;0;0;1;0;1;0;1
447;0;1;0;0;1;1;0;0;0;0;1;0;1;0;1
448;1;0;0;1;0;0;0;1;0;0;0;0;1;0;1
449;0;0;1;0;1;1;0;0;0;1;1;1;0;0;1
450;1;0;0;1;0;0;0;0;1;0;0;0;1;0;1
451;0;1;0;1;0;0;0;1;0;1;1;0;1;0;0
453;1;0;0;1;0;0;0;1;0;0;0;1;0;0;0
454;1;0;0;1;0;0;0;1;0;1;0;1;0;0;1
456;0;0;1;1;0;0;1;0;0;0;0;1;0;0;1
457;1;0;0;1;0;0;0;0;1;0;0;0;1;0;0
459;0;1;0;0;1;0;0;0;1;0;0;0;1;0;1
461;1;0;0;1;0;0;0;1;0;0;0;0;1;0;1
462;0;0;1;1;0;0;0;1;0;0;0;0;1;0;0
463;1;0;0;1;0;0;0;1;0;0;0;0;1;0;0
464;0;1;0;1;0;0;0;1;0;0;0;0;1;0;0
466;0;0;1;1;0;0;0;1;0;0;0;0;1;0;0
468;1;0;0;1;0;0;0;0;1;0;0;0;1;0;0
470;0;0;1;0;1;1;0;0;0;1;1;1;0;0;1
472;0;0;1;1;0;0;0;1;0;0;0;0;1;0;0
473;0;1;0;0;1;0;0;1;0;1;1;0;1;0;1
474;0;1;0;0;1;0;1;0;0;0;0;1;0;0;1
475;0;0;1;0;1;0;1;0;0;0;0;0;1;0;0
477;0;1;0;1;0;0;0;1;0;1;0;0;1;0;0
478;0;0;1;1;0;0;1;0;0;1;0;0;1;0;0
479;0;0;1;1;0;0;1;0;0;0;0;0;1;0;0
480;0;0;1;0;1;1;0;0;0;0;1;0;1;0;1
481;0;0;1;1;0;1;0;0;0;1;1;0;1;0;0
483;0;0;1;1;0;0;0;0;1;0;0;0;1;0;0
484;0;0;1;0;1;0;0;0;1;0;0;0;1;0;1
485;1;0;0;1;0;0;1;0;0;1;0;1;0;0;1
487;1;0;0;0;1;0;0;1;0;1;0;0;1;0;1
488;1;0;0;1;0;0;0;0;1;0;0;1;0;0;0
489;0;0;1;1;0;0;0;1;0;0;0;0;1;0;0
490;0;0;1;1;0;1;0;0;0;1;1;0;1;0;1
492;0;0;1;1;0;0;1;0;0;0;0;0;1;0;0
493;1;0;0;1;0;0;0;0;1;0;0;0;1;0;0
494;1;0;0;1;0;0;0;0;1;0;0;1;0;0;0
495;0;0;1;1;0;0;1;0;0;0;0;0;1;0;0
497;1;0;0;0;1;0;0;0;1;1;0;1;0;0;1
499;1;0;0;0;1;0;1;0;0;1;1;0;1;0;0
500;0;0;1;1;0;0;1;0;0;0;0;0;1;0;0
501;0;0;1;1;0;0;1;0;0;0;0;0;1;0;0
502;0;0;1;0;1;0;1;0;0;0;0;0;0;1;0
504;0;0;1;0;1;0;0;1;0;0;0;0;1;0;0
505;1;0;0;0;1;0;1;0;0;0;0;0;1;0;1
506;1;0;0;1;0;0;1;0;0;1;0;1;0;0;0
507;0;1;0;0;1;0;0;1;0;0;1;0;1;0;1
509;0;0;1;1;0;0;1;0;0;0;0;0;1;0;0
510;0;0;1;1;0;0;1;0;0;0;0;0;1;0;1
511;0;0;1;1;0;0;1;0;0;0;0;0;0;1;1
513;1;0;0;1;0;0;0;1;0;0;0;0;1;0;1
514;1;0;0;0;1;0;0;0;1;1;0;1;0;0;1
515;0;0;1;1;0;0;1;0;0;0;0;0;1;0;0
516;1;0;0;1;0;0;0;1;0;0;0;0;1;0;0
517;0;1;0;0;1;0;0;1;0;0;0;0;1;0;1
519;0;1;0;0;1;0;0;1;0;1;0;0;1;0;1
520;0;0;1;1;0;0;0;1;0;0;0;0;1;0;0
521;1;0;0;0;1;0;0;1;0;0;0;0;1;0;1
522;0;0;1;1;0;0;1;0;0;0;0;0;1;0;0
524;1;0;0;0;1;0;0;1;0;0;1;1;0;0;1
526;0;0;1;1;0;0;0;1;0;0;0;0;0;1;0
527;0;1;0;0;1;0;0;0;1;0;0;0;1;0;1
529;0;0;1;1;0;0;0;1;0;0;0;0;1;0;0
530;0;1;0;1;0;0;1;0;0;1;1;0;1;0;0
531;0;1;0;0;1;1;0;0;0;1;1;0;1;0;1
533;0;0;1;1;0;0;1;0;0;1;1;1;0;0;0
535;0;0;1;0;1;0;0;1;0;0;0;0;1;0;0
536;0;1;0;0;1;1;0;0;0;0;1;0;1;0;1
537;1;0;0;1;0;0;0;1;0;0;0;0;1;0;0
538;1;0;0;0;1;0;0;1;0;0;0;1;0;0;1
540;1;0;0;0;1;0;1;0;0;0;1;1;0;0;1
541;1;0;0;0;1;0;0;1;0;0;1;0;1;0;1
542;0;0;1;0;1;1;0;0;0;1;1;0;1;0;0
543;0;0;1;0;1;1;0;0;0;1;1;0;1;0;0
544;0;1;0;1;0;0;0;1;0;1;0;0;1;0;1
545;1;0;0;1;0;0;0;0;1;1;0;1;0;0;0
546;1;0;0;1;0;0;0;0;1;0;0;0;1;0;0
547;0;1;0;0;1;0;1;0;0;1;0;0;1;0;1
549;0;0;1;1;0;0;0;1;0;1;1;0;1;0;0
550;0;1;0;1;0;1;0;0;0;1;1;0;1;0;1
551;1;0;0;1;0;0;1;0;0;0;1;1;0;0;1
552;0;1;0;1;0;0;1;0;0;0;0;0;1;0;0
554;0;0;1;1;0;0;1;0;0;0;0;1;0;0;1
555;0;0;1;0;1;0;1;0;0;0;0;0;1;0;1
556;1;0;0;1;0;0;0;0;1;0;0;0;1;0;0
557;1;0;0;0;1;0;0;1;0;1;0;1;0;0;1
559;1;0;0;0;1;0;0;1;0;1;1;0;1;0;1
560;0;0;1;0;1;0;0;1;0;1;0;0;1;0;1
562;0;0;1;1;0;0;0;1;0;0;0;0;1;0;0
563;0;1;0;1;0;0;1;0;0;0;0;0;1;0;0
566;0;0;1;1;0;0;1;0;0;1;0;0;1;0;0
567;0;0;1;1;0;0;1;0;0;0;0;0;1;0;0
568;0;0;1;0;1;0;1;0;0;0;1;0;1;0;0
570;0;0;1;1;0;0;0;1;0;0;0;0;1;0;1
571;0;1;0;1;0;0;0;0;1;0;0;0;1;0;1
572;1;0;0;0;1;0;0;0;1;1;0;0;1;0;1
573;1;0;0;1;0;0;0;1;0;0;0;0;1;0;1
575;0;0;1;1;0;0;1;0;0;0;0;0;1;0;0
576;0;0;1;1;0;0;1;0;0;0;0;0;1;0;0
577;0;1;0;0;1;0;0;1;0;0;0;0;1;0;1
578;1;0;0;0;1;0;0;1;0;1;0;0;1;0;1
580;0;0;1;1;0;0;0;1;0;0;0;0;1;0;1
581;0;1;0;0;1;0;1;0;0;1;1;0;1;0;1
582;1;0;0;0;1;0;0;1;0;1;1;1;0;0;1
583;0;1;0;1;0;0;0;0;1;0;0;0;1;0;0
584;1;0;0;1;0;0;0;1;0;0;0;1;0;0;0
586;1;0;0;0;1;0;1;0;0;0;1;0;1;0;1
587;0;1;0;1;0;0;0;1;0;0;0;0;1;0;0
588;1;0;0;1;0;0;0;0;1;1;1;1;0;0;1
589;0;0;1;1;0;0;1;0;0;0;0;0;1;0;0
591;0;0;1;1;0;0;0;1;0;0;0;0;1;0;0
592;1;0;0;0;1;0;0;0;1;1;0;1;0;0;1
593;0;0;1;1;0;0;0;1;0;0;0;0;1;0;0
595;0;1;0;1;0;0;0;1;0;1;0;0;1;0;0
596;0;0;1;1;0;0;0;1;0;1;1;0;1;0;0
598;0;0;1;1;0;0;0;1;0;0;0;0;1;0;0
600;1;0;0;1;0;0;0;1;0;1;0;1;0;0;1
601;0;1;0;0;1;0;1;0;0;1;1;0;1;0;1
604;0;0;1;1;0;0;0;1;0;0;0;0;1;0;0
605;1;0;0;1;0;0;0;1;0;0;0;1;0;0;1
606;0;0;1;1;0;0;0;1;0;1;0;0;1;0;0
607;0;0;1;1;0;0;0;1;0;0;0;0;1;0;0
608;1;0;0;1;0;0;1;0;0;0;0;0;1;0;1
609;0;1;0;0;1;0;1;0;0;1;1;1;0;0;1
610;1;0;0;0;1;0;0;1;0;0;0;0;1;0;1
611;0;0;1;0;1;0;0;1;0;1;1;0;1;0;0
615;0;0;1;1;0;0;0;1;0;0;0;0;1;0;0
616;0;1;0;0;1;0;1;0;0;1;1;0;1;0;1
617;0;0;1;1;0;0;0;1;0;1;1;0;1;0;0
618;0;0;1;0;1;0;1;0;0;1;0;0;1;0;0
619;0;1;0;0;1;1;0;0;0;1;1;0;1;0;1
620;0;1;0;1;0;0;1;0;0;0;0;0;1;0;0
621;0;0;1;1;0;0;1;0;0;1;0;1;0;0;0
622;1;0;0;1;0;0;0;1;0;1;0;0;1;0;1
623;0;0;1;1;0;0;1;0;0;1;1;1;0;0;1
624;0;0;1;1;0;0;1;0;0;0;0;0;1;0;0
625;0;0;1;1;0;0;1;0;0;0;0;0;1;0;0
626;1;0;0;1;0;0;0;0;1;0;0;0;1;0;0
627;0;1;0;1;0;0;0;0;1;0;0;0;0;1;0
628;1;0;0;0;1;0;1;0;0;0;0;0;1;0;1
629;0;0;1;1;0;0;1;0;0;0;0;0;1;0;0
631;1;0;0;1;0;0;0;0;1;0;0;0;1;0;1
632;0;0;1;1;0;0;0;0;1;0;0;0;1;0;0
633;1;0;0;1;0;0;0;1;0;0;0;1;0;0;1
635;0;0;1;0;1;1;0;0;0;1;1;0;1;0;0
636;0;1;0;0;1;0;1;0;0;0;0;0;1;0;1
637;0;0;1;1;0;0;0;1;0;0;0;0;1;0;0
638;0;1;0;1;0;0;0;1;0;1;1;0;1;0;0
639;0;0;1;0;1;0;0;1;0;0;1;0;1;0;0
641;0;0;1;1;0;0;1;0;0;0;0;0;1;0;0
642;1;0;0;0;1;0;1;0;0;0;0;1;0;0;1
643;0;0;1;0;1;1;0;0;0;1;1;0;1;0;0
645;0;0;1;0;1;1;0;0;0;1;1;1;0;0;1
646;1;0;0;1;0;0;0;1;0;1;0;1;0;0;1
647;0;0;1;1;0;0;1;0;0;0;0;0;1;0;0
648;1;0;0;1;0;0;0;0;1;0;0;1;0;0;1
650;0;0;1;0;1;0;1;0;0;0;0;0;1;0;1
652;0;1;0;0;1;0;1;0;0;0;1;0;1;0;1
653;0;0;1;1;0;0;1;0;0;0;0;0;1;0;0
655;0;0;1;0;1;0;1;0;0;0;0;0;0;1;0
656;0;1;0;1;0;0;1;0;0;1;0;0;1;0;0
658;0;0;1;0;1;0;0;1;0;1;1;0;0;1;0
659;0;1;0;1;0;0;1;0;0;0;0;0;1;0;0
660;1;0;0;1;0;0;0;0;1;0;1;1;0;0;0
661;1;0;0;1;0;0;0;0;1;1;0;0;1;0;1
662;0;0;1;1;0;0;0;1;0;0;0;1;0;0;0
663;1;0;0;1;0;0;0;1;0;0;0;0;1;0;0
664;0;0;1;1;0;0;0;1;0;0;0;0;1;0;0
665;0;0;1;1;0;0;1;0;0;1;0;0;1;0;1
666;0;1;0;1;0;0;0;1;0;1;0;0;1;0;0
667;0;1;0;1;0;0;1;0;0;0;0;0;1;0;0
669;0;0;1;1;0;0;0;1;0;0;0;0;1;0;0
671;0;1;0;0;1;0;0;1;0;1;1;0;1;0;1
672;1;0;0;1;0;0;0;1;0;1;0;0;1;0;0
673;0;1;0;1;0;0;0;0;1;0;0;0;1;0;0
674;0;1;0;1;0;0;0;1;0;0;0;0;1;0;1
676;0;0;1;1;0;0;1;0;0;0;0;0;1;0;0
677;0;0;1;1;0;0;1;0;0;0;0;0;1;0;0
678;0;0;1;0;1;0;1;0;0;0;0;0;1;0;1
679;0;0;1;0;1;0;0;1;0;1;1;0;1;0;0
680;1;0;0;1;0;0;0;1;0;0;1;1;0;0;1
682;1;0;0;1;0;0;1;0;0;0;0;1;0;0;1
683;0;0;1;1;0;0;1;0;0;0;0;0;1;0;0
684;0;0;1;1;0;1;0;0;0;1;1;0;1;0;0
685;0;1;0;1;0;0;0;0;1;1;1;0;1;0;0
686;0;1;0;1;0;0;1;0;0;1;1;1;0;0;0
687;0;0;1;1;0;1;0;0;0;1;1;0;1;0;0
688;0;0;1;1;0;0;1;0;0;0;0;0;1;0;0
689;0;0;1;1;0;0;1;0;0;0;0;0;1;0;0
690;1;0;0;0;1;1;0;0;0;0;1;0;1;0;1
691;1;0;0;1;0;0;0;1;0;1;0;0;1;0;1
692;0;0;1;0;1;1;0;0;0;0;1;1;0;0;1
694;0;0;1;1;0;0;1;0;0;0;0;1;0;0;0
695;1;0;0;1;0;0;0;0;1;0;0;0;1;0;0
696;0;1;0;1;0;0;0;0;1;0;0;0;1;0;0
697;0;0;1;1;0;0;0;1;0;0;0;0;1;0;0
699;1;0;0;1;0;0;0;1;0;1;1;1;0;0;0
700;0;0;1;1;0;0;0;1;0;0;0;0;1;0;0
701;1;0;0;0;1;0;1;0;0;1;0;1;0;0;1
702;1;0;0;1;0;0;0;1;0;0;0;0;1;0;1
703;0;0;1;0;1;0;1;0;0;0;1;1;0;0;0
704;0;0;1;1;0;0;1;0;0;0;0;0;0;1;0
705;0;0;1;1;0;0;1;0;0;1;0;0;1;0;0
706;0;1;0;1;0;0;0;1;0;0;0;0;1;0;0
707;0;1;0;0;1;0;0;1;0;0;0;0;1;0;1
708;1;0;0;1;0;0;0;1;0;0;0;0;1;0;1
709;1;0;0;0;1;0;1;0;0;0;0;0;1;0;1
711;1;0;0;0;1;0;1;0;0;0;0;1;0;0;1
713;1;0;0;1;0;0;0;1;0;1;0;0;1;0;1
714;0;0;1;1;0;0;1;0;0;0;0;0;1;0;0
715;0;1;0;1;0;0;0;0;1;0;0;0;1;0;0
716;0;0;1;1;0;0;1;0;0;0;0;0;1;0;0
717;1;0;0;0;1;0;0;1;0;0;0;1;0;0;1
718;0;1;0;0;1;0;1;0;0;0;0;0;1;0;1
720;0;0;1;1;0;0;0;1;0;0;0;0;1;0;0
721;0;1;0;0;1;1;0;0;0;0;1;0;1;0;1
722;0;0;1;1;0;0;1;0;0;1;0;0;1;0;0
723;0;1;0;1;0;0;0;1;0;0;0;0;1;0;0
724;0;1;0;1;0;0;0;0;1;0;0;0;1;0;0
725;1;0;0;1;0;0;1;0;0;1;0;0;1;0;1
726;0;0;1;1;0;0;1;0;0;0;0;0;1;0;0
727;0;1;0;0;1;0;0;1;0;1;0;0;1;0;1
729;0;1;0;1;0;0;1;0;0;1;0;0;1;0;0
730;0;0;1;0;1;0;1;0;0;1;0;0;1;0;0
731;1;0;0;0;1;0;1;0;0;0;0;0;1;0;1
732;0;0;1;1;0;1;0;0;0;0;0;1;0;0;0
734;0;1;0;1;0;0;1;0;0;0;0;0;1;0;0
735;0;1;0;1;0;0;1;0;0;0;0;0;1;0;0
736;0;0;1;1;0;0;1;0;0;0;0;0;1;0;0
737;0;0;1;0;1;0;0;1;0;1;1;0;1;0;0
738;1;0;0;1;0;0;0;1;0;0;0;1;0;0;1
742;1;0;0;1;0;0;0;1;0;1;0;0;1;0;0
743;1;0;0;0;1;0;1;0;0;1;1;1;0;0;1
744;0;0;1;1;0;0;1;0;0;1;0;0;1;0;0
745;0;0;1;1;0;0;0;1;0;0;0;0;1;0;1
746;1;0;0;1;0;0;0;0;1;1;1;0;1;0;0
747;0;0;1;1;0;0;1;0;0;1;1;0;1;0;0
748;0;1;0;0;1;0;0;1;0;0;0;0;1;0;1
749;1;0;0;1;0;0;1;0;0;1;0;0;1;0;0
750;0;0;1;1;0;0;0;1;0;0;0;0;0;1;0
751;0;1;0;0;1;1;0;0;0;1;1;0;1;0;1
752;0;0;1;1;0;1;0;0;0;0;1;0;1;0;1
753;0;0;1;1;0;0;0;1;0;0;0;0;1;0;0
754;0;0;1;1;0;0;1;0;0;0;0;0;1;0;0
755;0;1;0;0;1;0;0;1;0;1;1;0;1;0;1
756;0;1;0;1;0;1;0;0;0;1;1;0;1;0;1
757;0;0;1;1;0;0;1;0;0;0;0;0;1;0;0
758;0;1;0;1;0;0;1;0;0;0;0;0;1;0;0
759;0;0;1;1;0;0;0;1;0;0;0;0;1;0;0
760;1;0;0;0;1;0;0;1;0;0;0;0;1;0;1
762;0;0;1;1;0;0;0;1;0;0;0;0;1;0;0
763;0;0;1;1;0;0;1;0;0;0;0;1;0;0;1
764;1;0;0;0;1;0;0;1;0;1;1;0;1;0;1
765;0;0;1;1;0;0;1;0;0;0;0;0;1;0;0
766;1;0;0;0;1;0;0;0;1;1;0;0;1;0;1
768;0;0;1;0;1;0;0;1;0;0;0;0;0;1;0
770;0;0;1;1;0;0;0;1;0;0;0;0;1;0;0
771;0;0;1;1;0;0;1;0;0;0;0;0;1;0;0
772;0;0;1;1;0;0;0;1;0;0;0;0;1;0;0
773;0;1;0;0;1;0;0;0;1;0;0;0;1;0;0
775;0;1;0;0;1;0;0;0;1;1;1;0;1;0;1
776;0;0;1;1;0;0;1;0;0;0;0;0;1;0;0
778;0;0;1;0;1;1;0;0;0;0;0;0;1;0;1
780;1;0;0;0;1;0;0;1;0;0;1;0;1;0;1
781;0;0;1;0;1;1;0;0;0;0;0;1;0;0;1
782;1;0;0;0;1;0;1;0;0;1;0;0;1;0;1
783;1;0;0;1;0;0;1;0;0;0;0;0;1;0;0
785;0;0;1;1;0;0;1;0;0;0;0;0;1;0;0
786;0;0;1;1;0;0;1;0;0;0;0;0;1;0;0
787;0;0;1;0;1;0;1;0;0;0;0;0;1;0;1
788;0;0;1;1;0;1;0;0;0;1;1;0;0;1;0
789;0;0;1;1;0;1;0;0;0;1;1;0;1;0;1
790;1;0;0;1;0;0;0;1;0;0;0;1;0;0;0
792;0;1;0;1;0;0;1;0;0;0;0;0;1;0;0
795;0;0;1;1;0;0;1;0;0;0;0;0;1;0;0
796;0;1;0;1;0;0;0;1;0;0;0;0;1;0;0
797;1;0;0;0;1;0;0;1;0;0;0;0;1;0;1
798;0;0;1;0;1;0;0;1;0;0;0;0;1;0;1
799;0;0;1;1;0;0;0;1;0;0;0;1;0;0;0
800;0;0;1;0;1;0;0;1;0;1;1;0;1;0;0
801;0;1;0;1;0;0;0;1;0;0;0;0;1;0;0
802;0;1;0;0;1;0;0;1;0;1;1;0;1;0;1
803;1;0;0;1;0;1;0;0;0;1;1;0;1;0;1
804;0;0;1;1;0;1;0;0;0;0;1;1;0;0;1
805;0;0;1;1;0;0;1;0;0;0;0;0;1;0;1
806;0;0;1;1;0;0;0;1;0;0;0;0;1;0;0
807;1;0;0;1;0;0;0;1;0;0;0;0;1;0;0
808;0;0;1;0;1;0;1;0;0;0;0;0;1;0;0
809;0;1;0;1;0;0;0;1;0;0;0;0;1;0;0
810;1;0;0;0;1;0;0;1;0;1;0;0;1;0;1
811;0;0;1;1;0;0;1;0;0;0;0;0;1;0;0
812;0;0;1;1;0;0;0;1;0;0;0;0;1;0;0
813;0;1;0;1;0;0;0;1;0;0;0;0;1;0;0
814;0;0;1;0;1;1;0;0;0;1;1;0;1;0;0
815;0;0;1;1;0;0;0;1;0;0;0;0;1;0;0
817;0;0;1;0;1;0;1;0;0;0;0;0;1;0;0
818;0;1;0;1;0;0;0;1;0;1;1;1;0;0;0
819;0;0;1;1;0;0;0;1;0;0;0;0;1;0;0
820;0;0;1;1;0;1;0;0;0;1;1;0;1;0;0
821;1;0;0;0;1;0;0;0;1;1;1;0;1;0;1
822;0;0;1;1;0;0;1;0;0;0;0;0;1;0;1
823;1;0;0;1;0;0;0;1;0;0;0;0;1;0;0
824;0;0;1;0;1;0;1;0;0;0;1;0;1;0;1
825;0;0;1;1;0;1;0;0;0;1;1;0;1;0;0
828;0;1;0;1;0;1;0;0;0;0;1;1;0;0;1
830;1;0;0;0;1;0;0;0;1;0;0;0;1;0;1
831;0;0;1;0;1;1;0;0;0;1;0;1;0;0;1
832;0;1;0;1;0;1;0;0;0;1;1;0;1;0;1
834;0;0;1;1;0;0;1;0;0;0;0;0;1;0;0
835;0;0;1;1;0;0;1;0;0;0;0;0;1;0;0
836;1;0;0;0;1;0;0;1;0;1;1;1;0;0;1
837;0;0;1;1;0;0;1;0;0;0;0;0;1;0;0
839;0;0;1;1;0;0;0;1;0;0;0;0;1;0;1
841;0;0;1;1;0;0;1;0;0;0;0;0;1;0;0
842;0;1;0;1;0;0;1;0;0;0;0;0;1;0;0
843;1;0;0;0;1;0;0;1;0;0;0;1;0;0;1
844;0;0;1;1;0;0;0;1;0;0;0;1;0;0;0
845;0;0;1;1;0;0;1;0;0;0;0;0;1;0;0
846;0;0;1;1;0;0;0;1;0;0;0;0;1;0;0
848;0;0;1;1;0;0;0;1;0;0;0;1;0;0;0
849;0;1;0;1;0;0;1;0;0;0;1;0;1;0;0
851;0;0;1;1;0;1;0;0;0;1;1;0;1;0;0
852;0;0;1;1;0;0;0;0;1;0;0;0;1;0;0
853;0;0;1;0;1;1;0;0;0;1;1;1;0;0;0
854;1;0;0;0;1;0;1;0;0;0;1;0;1;0;1
855;0;1;0;0;1;0;0;1;0;1;0;0;1;0;0
856;0;0;1;0;1;0;1;0;0;0;1;0;1;0;1
857;1;0;0;0;1;0;0;1;0;1;1;0;1;0;1
858;1;0;0;1;0;0;0;0;1;0;0;0;1;0;1
859;0;0;1;0;1;0;1;0;0;0;1;1;0;0;1
861;0;0;1;1;0;0;0;1;0;1;0;0;1;0;0
862;0;1;0;1;0;0;1;0;0;1;0;0;1;0;0
863;1;0;0;0;1;0;0;1;0;0;0;0;1;0;1
865;0;1;0;1;0;0;1;0;0;0;0;0;1;0;0
866;0;1;0;0;1;0;0;1;0;0;0;0;1;0;1
867;0;1;0;0;1;0;1;0;0;1;0;1;0;0;1
868;1;0;0;1;0;0;0;1;0;0;0;0;1;0;0
870;0;0;1;1;0;1;0;0;0;1;1;0;1;0;1
871;0;0;1;1;0;0;1;0;0;0;0;0;1;0;0
872;1;0;0;0;1;0;0;1;0;1;1;0;1;0;1
873;1;0;0;1;0;0;0;1;0;0;0;0;1;0;0
874;0;0;1;1;0;0;0;1;0;0;0;0;1;0;0
875;0;1;0;0;1;0;1;0;0;1;0;1;0;0;1
876;0;0;1;0;1;1;0;0;0;0;0;1;0;0;1
877;0;0;1;1;0;0;1;0;0;0;0;0;1;0;0
878;0;0;1;1;0;0;1;0;0;0;0;0;1;0;0
880;1;0;0;0;1;0;0;0;1;0;1;1;0;0;1
881;0;1;0;0;1;0;1;0;0;0;1;0;1;0;1
882;0;0;1;1;0;0;0;1;0;0;0;0;1;0;0
883;0;0;1;0;1;0;1;0;0;0;0;0;1;0;0
884;0;1;0;1;0;0;1;0;0;0;0;0;1;0;0
885;0;0;1;1;0;0;1;0;0;0;0;0;1;0;0
886;0;0;1;0;1;0;0;1;0;0;1;0;0;1;0
887;0;1;0;1;0;0;1;0;0;0;0;0;1;0;0
888;1;0;0;0;1;0;1;0;0;0;0;0;1;0;1
890;1;0;0;1;0;0;1;0;0;0;0;1;0;0;1
891;0;0;1;1;0;0;0;1;0;0;0;0;0;1;0
