10        0.84,0.84,0.84,0.81,0.82,0.85,0.81,0.84,0.83,0.85  0.8326
6         0.82,0.85,0.85,0.83,0.85,0.86,0.84,0.81,0.85,0.84  0.8389
4         0.84,0.83,0.83,0.85,0.84,0.85,0.83,0.83,0.85,0.83  0.8389
10,10     0.83,0.85,0.82,0.85,0.83,0.79,0.82,0.85,0.83,0.83  0.8299
20        0.82,0.84,0.84,0.86,0.86,0.83,0.84,0.85,0.83,0.83  0.8396
20,20     0.83,0.85,0.86,0.85,0.78,0.83,0.85,0.85,0.82,0.84  0.8375
10,10,10  0.82,0.83,0.87,0.87,0.86,0.81,0.85,0.88,0.85,0.83  0.8458
8,8,8,8   0.84,0.85,0.85,0.84,0.85,0.82,0.85,0.83,0.81,0.85  0.8375
15,8      0.87,0.83,0.86,0.79,0.85,0.83,0.83,0.83,0.86,0.85  0.8396
20,10     0.82,0.85,0.85,0.81,0.83,0.83,0.83,0.84,0.83,0.83  0.8313
20,20     0.83,0.83,0.85,0.85,0.85,0.85,0.80,0.85,0.79,0.83  0.8333
15,15,15  0.83,0.86,0.84,0.85,0.84,0.85,0.85,0.83,0.83,0.88  0.8458
